0.16
0.16
0.18
0.17
0.11
0.19
0.16
0.11
0.11
0.19
0.22
0.11
0.12
0.17
0.12
0.21
0.15
0.19
0.11
0.19
0.12
0.13
0.95
0.15
0.14
0.11
0.12
0.13
0.16
0.19
0.10
0.15
0.11
0.11
0.16
0.11
0.11
0.15
0.14
0.11
0.12
0.17
0.11
0.12
0.11
0.13
0.22
0.12
0.13
0.11
0.11
0.13
0.17
0.12
0.17
0.22
0.17
0.13
0.15
0.18
0.21
0.12
0.12
0.20
0.11
0.15
0.18
0.11
0.12
0.12
0.11
0.11
0.10
0.11
0.15
0.16
0.15
0.12
0.11
0.11
0.13
0.11
0.11
0.17
0.12
0.11
0.11
0.21
0.11
0.18
0.12
0.11
0.10
0.11
0.16
0.12
0.10
0.11
0.16
0.12
