

18.88
21.81
19.81
25.26
21.32
18.79
22.04
19.99
23.10
20.49
18.97
19.75
20.16
23.83
18.15
18.39
20.06
21.76
18.29
20.43
21.23
21.47
21.75
18.45
24.23
22.19
21.34
21.17
24.44
21.57
24.85
32.71
23.40
20.48
22.86
42.73
23.97
20.64
19.36
20.73
22.85
25.43
18.63
22.82
23.12
25.33
24.73
22.22
20.22
25.06
24.47
24.14
20.82
28.66
24.28
29.92
20.95
24.45
21.86
61.98
24.40
21.29
19.46
23.94
25.07
23.35
27.05
21.25
18.88
23.36
21.41
22.35
22.11
23.30
26.65
23.25
23.71
29.23
25.28
19.33
23.00
22.68
20.73
18.80
21.25
19.22
25.57
35.70
27.63
22.96
27.70
25.27
25.08
20.40
24.59
26.97
22.46
20.70
21.47
28.72
