0.65
0.83
0.76
0.78
0.86
0.88
0.68
0.60
0.81
0.63
0.71
0.83
0.62
0.96
0.80
0.62
0.70
0.90
0.62
0.86
1.41
0.71
0.63
0.82
0.70
0.92
0.91
1.52
0.96
0.64
1.11
0.69
0.56
0.96
0.65
0.62
0.85
0.95
0.69
0.76
1.07
0.65
0.66
0.97
0.58
0.61
0.89
0.69
1.10
0.57
1.47
0.80
0.77
0.84
0.75
0.62
0.71
0.81
0.63
0.63
0.83
0.90
0.66
0.61
0.84
0.56
0.58
0.88
0.65
0.90
0.66
0.84
0.70
0.59
0.61
0.61
0.72
0.57
0.97
1.02
0.95
0.76
0.98
0.80
0.65
1.14
0.89
0.70
0.54
0.98
1.02
0.64
0.81
0.79
0.80
0.85
0.73
0.90
0.80
0.86
