1.06
1.40
1.59
1.63
1.31
1.16
1.25
1.24
1.39
1.28
1.24
1.22
2.21
1.29
1.12
1.83
1.53
1.46
1.09
3.59
1.58
1.17
1.09
1.35
1.15
1.08
1.56
2.17
1.23
1.17
1.12
1.86
1.20
1.10
1.22
1.41
1.43
1.37
1.24
1.08
1.87
1.08
2.35
1.65
1.46
1.36
1.41
1.58
2.42
1.79
1.78
1.10
1.51
1.44
1.54
3.42
1.47
1.10
1.06
1.10
1.15
1.06
1.68
1.66
1.33
1.19
1.26
1.09
1.10
1.27
1.30
1.19
1.24
1.23
1.32
1.26
1.15
1.10
1.14
1.21
1.32
1.25
1.21
1.30
1.12
1.15
1.31
1.11
1.08
1.55
1.43
1.07
1.06
1.21
1.23
2.35
1.16
1.43
1.17
1.17
