1.33
1.17
1.34
1.55
1.98
1.18
1.31
1.30
1.23
1.36
1.27
1.66
1.38
1.19
1.84
1.26
1.19
1.18
1.32
1.23
1.18
1.23
1.53
1.43
1.23
1.18
1.89
1.28
1.17
1.17
1.26
1.37
1.18
1.25
1.24
1.26
1.23
1.17
1.19
1.16
1.20
1.19
1.24
1.19
1.33
1.20
1.22
1.29
1.57
1.77
1.28
1.32
1.56
1.77
1.30
1.25
1.57
1.18
1.86
1.28
1.45
1.66
1.49
1.68
1.28
1.35
1.52
1.29
1.27
3.32
1.43
1.89
1.45
1.31
1.37
1.36
1.97
1.28
1.33
1.21
1.62
1.37
2.00
1.33
1.24
1.28
1.18
1.32
1.67
2.20
1.35
1.48
1.53
1.39
1.34
1.72
1.38
1.62
2.45
1.61
