1.18
0.91
1.05
1.62
1.13
0.97
1.03
1.22
0.88
1.70
1.27
1.04
3.00
0.98
1.44
0.95
0.95
0.94
3.26
0.95
0.98
1.55
0.92
0.90
0.89
0.97
0.90
1.00
0.88
0.98
0.92
0.96
0.95
0.94
0.98
0.98
1.00
1.08
0.90
0.98
1.50
1.54
1.69
1.10
1.28
0.92
0.93
0.97
1.32
1.00
0.94
1.05
0.94
1.22
0.95
1.04
1.09
1.41
1.09
0.89
1.04
1.08
1.17
1.25
0.92
0.92
1.20
1.26
1.03
1.03
0.99
0.93
0.90
1.06
1.32
0.94
1.06
1.92
1.21
1.07
1.40
1.80
1.24
1.56
1.03
1.92
1.46
0.94
0.93
0.97
0.96
1.23
1.06
1.06
0.94
0.92
0.95
1.29
1.07
0.92
