29.47
25.02
26.47
26.60
28.93
24.34
25.85
25.99
69.07
25.30
34.25
25.68
27.67
26.70
29.16
27.37
27.55
31.23
28.68
29.37
33.58
27.42
26.55
26.60
27.25
29.51
27.64
26.42
24.95
24.54
27.14
27.21
22.59
30.92
30.01
30.49
25.68
32.61
27.02
29.19
29.70
27.23
26.44
24.49
25.95
26.11
29.51
25.26
28.54
26.34
27.50
28.96
22.25
26.38
26.52
27.76
26.38
27.57
32.66
23.90
27.29
27.12
26.26
28.60
30.97
28.75
23.81
25.87
29.01
27.03
28.40
31.24
23.06
25.71
25.92
25.48
25.58
26.86
26.37
25.88
26.45
24.92
29.71
26.84
25.28
31.20
25.93
26.48
27.78
30.75
24.05
27.18
27.10
27.89
23.45
24.10
46.49
26.05
28.06
25.56
