0.35
0.35
0.35
0.56
0.45
0.29
0.31
0.32
0.54
0.31
0.37
0.58
0.43
0.32
0.42
0.29
0.37
0.29
0.36
0.34
0.49
0.41
0.45
0.45
0.31
0.40
0.34
0.58
0.49
0.31
0.38
0.29
0.46
0.34
0.35
0.35
0.37
0.44
0.49
0.34
0.30
0.36
0.37
0.45
0.35
0.37
0.34
0.45
0.35
0.32
0.29
0.36
0.36
0.36
0.54
0.34
0.30
0.32
0.34
0.30
0.30
0.29
0.35
0.44
0.33
0.32
0.53
0.34
0.34
0.51
0.53
0.31
0.36
0.36
0.33
0.35
0.41
0.37
0.48
0.33
0.49
0.38
0.36
0.29
0.36
0.36
0.28
0.48
0.45
0.37
0.36
0.34
0.49
0.45
0.33
0.46
0.35
0.38
0.35
0.33
