2.20
2.87
2.43
2.81
2.10
2.64
2.90
2.14
2.46
4.06
2.18
2.58
2.89
3.06
4.32
2.14
2.39
2.70
2.34
2.04
2.47
2.33
3.11
2.28
2.33
2.91
2.05
2.06
4.34
2.29
2.34
2.48
2.34
2.07
2.12
2.88
2.69
2.25
2.15
2.04
4.74
2.28
2.17
2.04
1.95
2.06
1.99
2.35
2.40
2.59
2.34
4.28
2.25
2.41
1.97
2.54
1.91
2.93
3.11
2.64
2.96
2.46
2.11
2.12
4.65
2.40
1.92
2.53
1.97
2.64
2.65
3.08
2.34
2.48
2.52
2.63
2.11
2.81
2.12
2.01
1.91
1.94
3.24
2.29
1.94
2.33
1.91
2.44
2.39
2.18
1.95
2.31
2.68
2.38
2.67
4.79
2.92
2.94
6.44
2.27
