6.23
5.93
7.55
6.81
6.58
7.59
5.98
6.38
6.53
8.75
6.21
7.13
5.54
7.86
6.17
5.40
5.99
6.24
7.42
7.07
5.90
7.15
7.69
6.69
5.63
6.53
5.22
6.94
7.60
6.48
5.45
7.79
14.10
7.94
6.33
6.58
6.52
6.60
6.94
7.22
6.18
12.71
8.00
8.53
5.93
8.21
5.74
5.81
7.78
6.66
6.18
7.45
6.16
6.03
7.68
6.46
5.79
5.96
6.57
8.06
7.68
6.14
7.62
5.89
6.05
6.34
6.10
6.11
5.51
6.22
6.16
7.39
7.36
8.05
5.67
8.05
6.33
7.39
6.38
6.37
5.68
8.11
5.80
7.25
6.88
5.88
7.73
5.43
7.64
7.00
6.35
7.12
6.48
7.47
5.94
7.31
6.44
6.80
6.00
6.08
