13.31
13.39
12.58
14.01
16.12
17.75
15.12
14.21
12.14
15.27
12.83
16.26
14.42
12.99
16.76
12.79
86.09
31.68
16.85
13.23
16.24
22.27
14.00
15.16
15.19
12.90
16.53
13.23
13.73
12.73
14.76
16.95
15.13
12.65
14.10
16.75
15.86
14.20
13.23
15.26
14.47
17.18
13.40
16.92
15.00
16.82
16.98
15.71
14.38
13.22
16.72
16.88
11.98
16.86
13.19
11.58
14.21
16.09
15.85
12.41
14.12
15.93
14.63
15.11
16.15
14.09
16.52
11.96
12.03
14.06
13.71
16.72
12.33
16.70
14.29
16.63
14.69
13.25
12.43
14.11
15.31
11.66
14.10
14.01
16.51
11.91
16.60
12.80
16.91
13.69
16.94
13.40
14.36
18.01
16.86
13.94
15.59
15.02
15.56
13.31
