16.20
14.15
16.79
15.70
15.34
15.09
15.93
14.10
16.37
14.38
18.69
15.73
13.51
14.39
18.04
16.73
15.09
16.58
18.63
16.66
16.44
15.54
16.23
16.72
14.10
15.21
14.16
16.18
16.43
14.40
17.35
14.90
15.11
16.69
16.86
14.46
14.91
17.24
22.05
20.27
15.08
16.02
14.31
16.55
17.11
19.24
18.56
15.91
17.44
19.77
13.29
17.70
15.72
15.26
22.78
16.05
13.60
20.76
17.48
17.90
14.24
16.35
18.21
16.94
57.51
19.79
16.22
18.04
18.77
14.33
16.49
13.66
15.61
16.01
14.97
16.28
18.91
14.13
15.72
14.23
13.86
16.72
13.91
16.40
16.05
16.14
15.10
18.46
18.19
15.52
15.45
17.03
15.93
18.15
17.93
15.17
15.44
15.97
17.71
15.82
