1.78
2.77
2.17
2.66
2.19
1.82
1.95
2.03
2.20
2.14
2.51
1.84
2.12
2.43
1.67
1.60
1.90
1.93
2.46
1.72
1.77
2.65
1.74
2.20
2.66
1.80
1.60
2.18
1.64
2.77
1.66
1.78
1.99
1.92
1.89
1.73
2.37
1.75
1.73
2.95
1.72
2.85
1.79
1.69
1.92
3.78
1.93
2.72
2.47
1.69
1.68
2.37
1.83
2.83
2.15
2.24
2.56
1.87
1.86
2.23
2.40
1.96
1.81
2.12
1.75
1.59
1.60
2.09
2.01
1.56
1.66
1.76
2.42
1.57
1.92
2.10
2.90
3.46
1.68
1.95
2.93
1.98
2.41
1.67
2.01
1.77
2.67
1.96
1.96
1.87
1.55
2.39
2.62
2.50
2.45
2.54
2.19
1.56
1.87
2.51
