5.66
5.76
6.01
7.23
5.82
6.41
7.07
5.70
5.83
5.69
5.66
6.05
7.25
5.52
5.81
7.10
6.84
5.49
5.40
6.34
7.73
5.81
6.89
5.71
5.74
6.50
5.67
6.11
5.47
6.15
7.51
7.61
5.34
5.36
7.33
7.40
5.86
5.65
5.66
5.85
5.41
6.08
5.77
7.10
5.97
5.60
5.84
7.54
5.43
8.06
6.33
6.23
5.30
7.28
6.72
6.81
6.36
5.40
7.64
6.82
7.55
5.83
6.40
5.36
6.50
6.46
5.84
5.34
7.24
6.00
7.40
7.07
5.37
5.63
5.27
9.29
5.89
5.18
6.13
5.55
6.86
7.08
6.03
6.10
6.50
7.79
6.22
7.89
6.84
5.69
5.96
6.34
6.72
6.83
7.66
6.83
7.60
6.47
6.70
6.52
