2.14
2.37
1.43
2.05
1.57
1.46
1.65
2.35
2.38
1.86
1.54
1.58
1.82
2.37
1.58
1.98
1.48
2.00
1.43
1.34
1.27
1.70
1.60
1.46
1.81
1.69
2.07
1.96
1.93
1.90
2.07
1.59
1.70
1.47
1.89
1.99
1.96
1.92
1.36
2.40
2.10
2.21
1.15
1.99
1.98
2.34
1.62
1.47
1.45
1.34
1.42
1.58
2.11
2.00
1.60
2.43
2.16
1.36
2.29
1.70
1.51
1.98
2.11
2.06
1.64
1.99
1.55
1.77
1.64
3.58
1.37
1.94
1.76
1.76
1.87
1.45
1.92
1.55
1.95
1.47
1.52
1.96
2.31
2.19
1.63
2.07
2.00
1.36
1.64
1.94
1.44
1.81
5.54
1.52
1.85
1.30
3.96
1.72
1.39
1.40
