3.86
4.25
2.98
4.41
3.02
4.05
3.01
3.03
3.08
2.79
2.74
3.24
4.15
4.23
3.60
3.83
4.79
3.51
3.45
4.00
4.09
2.91
4.04
3.25
2.93
3.59
3.01
3.71
3.94
3.83
2.64
3.05
3.63
4.10
3.22
2.71
3.08
2.95
2.94
2.90
3.93
3.96
3.54
3.40
3.13
2.99
3.40
4.39
2.95
3.57
3.09
3.22
4.26
3.75
2.89
3.01
3.02
3.15
2.76
3.56
3.70
2.88
3.12
3.97
2.66
2.87
4.40
3.13
2.98
4.33
3.23
3.67
4.07
3.20
3.27
2.98
3.40
4.18
3.03
3.83
3.27
3.00
11.98
3.15
4.17
4.21
3.05
5.07
3.03
3.08
4.12
3.34
3.07
3.70
4.18
3.92
3.80
3.51
3.79
3.81
