0.08
0.08
0.08
0.09
0.07
0.07
0.08
0.07
0.07
0.07
0.08
0.07
0.07
0.09
0.08
0.07
0.11
0.08
0.07
0.08
0.07
0.08
0.10
0.07
0.07
0.07
0.08
0.12
0.08
0.07
0.07
0.07
0.07
0.08
0.10
0.08
0.07
0.07
0.08
0.07
0.11
0.07
0.07
0.07
0.07
0.07
0.07
0.08
0.10
0.09
0.07
0.07
0.07
0.10
0.08
0.10
0.08
0.09
0.08
0.08
0.08
0.08
0.09
0.07
0.07
0.07
0.08
0.07
0.09
0.08
0.08
0.07
0.08
0.08
0.09
0.08
0.09
0.08
0.12
0.07
0.20
0.08
0.08
0.08
0.17
0.08
0.09
0.12
0.32
0.14
0.08
0.08
0.07
0.08
0.08
0.08
0.13
0.09
0.08
0.08
