1.21
1.10
2.13
1.10
1.24
1.05
1.27
1.19
1.54
1.05
1.04
1.03
1.11
1.11
1.09
1.30
1.36
1.46
1.11
1.50
1.45
1.14
1.12
1.16
1.05
1.24
1.03
1.22
1.73
1.09
1.58
1.17
1.18
1.28
1.18
1.17
1.10
1.18
1.46
1.12
1.25
1.05
1.04
1.12
1.04
1.04
1.06
1.05
1.33
1.18
1.37
1.26
1.46
1.42
1.10
1.33
1.19
1.31
1.16
1.36
1.15
1.20
1.21
1.22
1.05
1.05
1.14
1.18
1.20
1.08
1.13
1.05
1.65
1.65
1.07
1.19
1.54
1.76
1.30
1.52
1.13
1.89
1.28
1.07
1.20
1.54
1.65
1.55
1.62
1.48
1.09
1.42
1.47
1.63
1.11
1.10
1.08
1.09
1.18
1.13
