0.79
1.09
1.05
0.76
0.89
0.98
1.45
0.73
0.78
0.96
1.07
1.01
0.90
2.75
0.93
0.91
0.79
0.75
0.79
1.05
0.74
0.72
0.84
0.78
1.22
1.11
0.69
0.69
0.96
1.22
1.18
0.73
0.77
0.73
0.73
0.82
1.35
0.81
1.10
1.08
0.98
0.83
0.82
0.89
0.86
0.78
0.69
0.72
1.02
1.04
0.74
0.87
0.82
0.81
0.80
0.93
0.78
1.78
1.20
0.89
0.76
0.83
0.87
0.85
0.81
1.31
1.17
0.68
0.82
0.84
1.25
1.05
0.85
0.80
1.19
1.06
0.74
0.82
0.78
0.77
1.20
0.69
0.79
0.81
1.15
1.09
0.84
0.81
0.81
0.82
0.74
0.72
0.85
1.04
0.78
1.05
0.90
0.75
1.11
0.98
