13.06
11.64
11.22
14.72
11.97
12.72
10.39
12.84
10.75
11.15
14.32
10.72
9.60
10.23
10.87
11.57
11.31
13.73
13.32
11.26
10.31
12.62
9.81
11.39
12.97
10.53
11.30
9.74
17.84
11.63
12.35
13.61
18.93
10.48
12.63
13.34
11.03
20.19
10.57
13.91
12.75
15.66
15.68
24.52
10.31
10.69
20.12
13.13
18.92
14.67
12.18
11.46
12.39
15.77
10.84
11.41
9.68
11.05
11.32
13.76
11.00
10.57
12.56
10.07
14.53
13.56
11.77
9.66
10.83
10.87
12.39
11.01
10.25
15.19
10.99
14.75
10.73
9.60
10.18
18.51
10.29
11.51
10.79
10.18
9.85
12.32
10.35
10.89
10.57
13.66
9.67
11.07
21.29
10.26
12.94
23.01
11.04
23.03
9.39
12.23
