11.00
11.33
11.37
11.23
11.74
12.43
11.87
12.82
12.66
9.71
11.75
11.11
12.08
11.17
10.77
12.07
11.59
11.43
11.17
45.38
11.09
11.09
12.69
12.20
12.56
13.88
10.71
13.41
11.94
13.97
10.88
12.90
12.64
12.78
11.96
12.61
10.83
12.38
13.10
12.59
13.85
14.45
10.06
11.79
12.24
13.95
13.95
13.89
11.25
13.31
14.23
11.36
11.06
12.73
18.58
11.83
13.91
12.80
11.55
11.68
11.25
10.56
16.14
12.56
12.27
12.08
11.24
12.71
14.01
12.56
11.65
18.35
12.08
12.06
13.77
13.14
11.60
16.39
13.81
10.23
13.83
11.72
13.82
11.74
12.08
9.94
11.12
10.30
13.18
10.34
13.74
10.08
10.28
10.58
14.03
11.54
14.04
10.56
11.98
11.26
