3.29
5.27
4.36
3.90
4.33
4.28
3.17
4.12
3.09
3.27
3.13
2.97
5.50
3.01
3.92
3.57
4.25
4.01
3.18
3.25
4.21
3.61
4.73
3.42
4.06
3.80
3.62
4.13
3.13
3.29
3.13
3.68
3.35
3.38
3.02
4.27
3.68
3.81
3.27
2.96
3.58
3.25
3.22
3.21
3.41
3.36
4.24
3.82
3.88
3.18
3.06
3.16
4.23
3.11
4.34
3.15
3.62
3.46
4.20
3.71
3.37
4.20
3.20
3.24
3.70
3.21
3.27
3.17
4.43
3.59
4.70
3.26
3.66
2.93
3.88
3.04
3.11
3.00
3.34
3.12
3.64
3.09
3.21
3.58
3.12
3.14
3.61
3.80
3.28
4.16
3.15
4.21
3.09
3.27
3.11
3.06
3.20
3.40
4.07
3.03
