1.51
1.51
1.40
2.00
1.40
1.42
3.28
1.48
1.39
1.61
1.66
2.15
1.58
1.61
1.39
1.67
1.40
1.39
1.61
1.44
1.46
1.54
1.39
1.44
1.37
2.22
2.38
1.50
1.50
1.51
1.64
1.44
1.49
1.50
1.66
1.75
1.38
1.63
1.37
1.39
1.39
1.70
1.47
2.04
1.50
1.43
1.77
1.54
4.87
1.50
1.41
1.48
1.74
1.40
2.05
1.59
1.72
1.52
2.03
1.49
1.68
1.80
2.16
1.89
1.52
1.43
1.59
1.40
1.85
1.58
1.65
1.73
1.59
1.54
1.63
1.46
1.41
1.45
1.53
1.45
1.47
1.61
1.49
1.73
2.03
1.59
1.78
1.51
1.39
1.54
1.48
1.43
1.40
1.42
1.53
1.52
1.67
1.52
1.50
1.48
