2.06
1.36
1.63
1.13
1.41
1.11
1.47
1.17
1.36
1.15
1.37
1.09
1.49
1.31
1.19
1.29
1.09
1.92
1.32
1.38
1.33
1.13
1.21
1.84
1.29
1.36
1.16
1.18
1.43
1.10
1.21
1.77
1.43
1.34
1.09
1.42
1.55
1.60
1.16
1.68
1.54
1.11
1.28
1.15
1.42
1.22
1.83
1.53
1.49
1.49
1.29
1.67
1.09
1.69
1.11
1.28
1.22
1.31
1.08
1.23
1.15
1.08
1.09
1.37
1.09
1.23
1.12
1.11
1.10
1.16
1.40
1.27
1.11
1.19
1.09
1.16
1.13
1.09
1.41
1.11
1.66
1.10
1.21
1.28
1.58
1.10
1.28
1.09
1.28
1.53
1.13
1.63
1.29
1.35
1.08
1.20
1.10
1.15
1.14
1.34
