1.07
0.85
0.73
1.09
0.69
1.00
0.74
0.64
0.67
0.96
0.67
0.84
1.09
0.60
0.61
0.56
0.61
0.59
0.66
0.68
0.67
0.69
0.60
0.58
0.69
0.68
0.77
0.62
0.61
0.63
0.70
0.66
0.59
0.89
0.87
0.86
0.76
0.93
0.67
0.61
0.65
0.59
0.84
0.59
0.59
0.67
0.60
0.68
0.96
0.95
0.65
0.89
0.59
0.67
0.65
0.68
0.63
0.71
0.84
0.94
1.16
0.93
0.68
0.64
0.64
0.73
0.64
0.74
1.01
0.88
1.01
1.03
1.05
0.89
0.60
0.68
0.68
0.72
0.66
0.67
0.62
0.65
0.80
0.71
0.68
0.60
0.90
0.82
0.67
0.84
0.75
0.72
1.01
0.74
1.15
0.82
0.97
0.86
0.66
1.11
