25.13
24.16
25.22
30.75
23.09
22.12
22.19
23.69
19.48
23.07
22.44
24.58
41.61
21.19
20.10
21.51
19.92
19.07
24.79
22.53
24.43
25.90
22.54
24.02
22.57
22.42
27.26
23.06
22.31
19.55
27.05
20.69
26.71
27.82
26.56
27.21
20.20
20.16
22.89
18.76
20.59
26.14
22.45
20.81
24.96
18.83
18.78
56.06
25.53
19.38
22.47
23.82
19.89
26.56
28.60
19.87
18.67
19.32
18.93
19.30
19.16
19.59
19.34
29.35
26.11
35.54
37.93
32.16
25.43
21.82
26.28
21.96
26.49
23.99
25.11
23.61
24.05
37.12
19.61
30.71
22.40
26.11
26.19
25.18
22.24
24.01
23.73
23.86
23.80
24.08
29.50
26.87
23.33
27.65
21.79
25.23
23.57
23.50
26.24
38.75
