0.16
0.16
0.28
0.16
0.16
0.16
0.22
0.25
0.24
0.20
0.26
0.16
0.18
0.17
0.17
0.21
0.44
0.17
0.17
0.19
0.17
0.30
0.15
0.23
0.22
0.18
0.18
0.23
0.15
0.29
0.20
0.24
0.17
0.17
0.15
0.17
0.19
0.17
0.18
0.18
0.20
0.17
0.33
0.16
0.21
0.19
0.16
0.24
0.17
0.23
0.18
0.23
0.16
0.22
0.18
0.15
0.23
0.18
0.15
0.17
0.19
0.23
0.36
0.23
0.15
0.19
0.17
0.25
0.17
0.18
0.18
0.26
0.23
0.16
0.17
0.16
0.17
0.16
0.16
0.24
0.19
0.16
0.17
0.27
0.15
0.15
0.28
0.17
0.18
0.16
0.15
0.18
0.18
0.15
0.16
0.17
0.18
0.19
0.20
0.23
