3.48
3.00
2.96
2.79
2.57
2.93
2.51
3.15
3.51
3.05
3.10
3.09
3.57
2.90
3.99
3.53
3.50
4.05
2.80
3.90
3.74
2.86
3.97
3.92
3.19
4.24
5.74
7.20
3.96
3.99
4.20
7.39
4.11
4.06
4.75
4.13
7.93
3.91
4.16
4.31
4.22
5.07
10.55
7.32
3.97
3.50
4.24
4.11
3.68
4.23
3.84
3.11
2.74
2.74
3.36
2.86
3.10
3.71
3.93
3.26
2.94
3.29
2.91
3.24
4.04
3.15
2.85
3.90
2.96
3.50
2.74
3.78
3.04
3.16
2.90
3.50
4.70
2.97
3.16
3.46
4.03
3.42
3.70
4.18
24.13
3.47
5.68
3.08
3.56
3.61
3.93
2.90
2.87
3.81
3.86
3.51
3.04
3.88
2.98
3.65
