14.21
15.12
10.86
12.40
14.67
14.66
17.03
12.01
13.25
17.79
13.93
12.04
15.03
12.20
12.84
15.02
12.20
14.07
12.30
12.43
13.70
11.89
11.48
15.58
12.26
12.53
11.29
14.91
12.90
11.94
14.42
26.82
22.68
13.54
13.73
16.07
16.70
11.19
12.61
13.75
13.32
12.26
14.64
12.75
13.91
12.54
11.86
13.38
13.64
16.37
17.41
13.48
13.82
14.43
13.23
11.89
11.32
12.49
11.18
15.30
12.82
17.36
13.87
12.07
13.37
11.41
14.05
12.97
11.60
12.93
11.55
14.16
13.15
14.10
14.16
13.17
20.58
19.95
29.62
21.75
13.24
13.68
15.25
16.19
17.54
16.23
13.55
18.42
13.61
17.10
14.60
23.95
13.08
14.47
10.97
16.07
17.63
13.08
16.11
13.16
