5.85
5.92
7.31
7.85
7.88
6.99
5.86
6.52
6.31
6.36
7.47
7.63
6.68
6.66
7.32
6.09
6.14
6.73
8.23
7.70
7.62
6.72
7.66
12.55
7.02
6.93
6.17
6.92
6.75
6.01
6.17
8.16
6.25
7.60
6.02
6.76
7.04
6.63
5.72
5.81
7.86
6.59
7.66
5.47
6.48
6.69
6.24
7.15
6.08
7.14
7.63
6.80
7.28
6.29
6.17
7.60
7.38
7.41
7.60
6.28
6.40
6.31
6.79
8.01
6.05
6.60
9.01
6.14
6.48
7.69
6.76
6.17
7.71
6.70
6.67
6.66
7.47
5.86
5.97
6.00
6.41
7.68
6.50
6.64
5.88
6.54
6.19
6.35
8.19
6.86
6.94
9.77
6.60
6.60
8.16
6.58
7.29
8.11
9.28
6.80
