0.08
0.17
0.07
0.07
0.07
0.08
0.08
0.08
0.08
0.08
0.07
0.07
0.07
0.09
0.07
0.09
0.07
0.08
0.09
0.08
0.08
0.08
0.07
0.08
0.12
0.11
0.11
0.12
0.15
0.07
0.07
0.08
0.08
0.11
0.09
0.17
0.10
0.11
0.08
0.07
0.14
0.09
0.19
0.10
0.11
0.16
0.08
0.08
0.07
0.09
0.07
0.08
0.09
0.08
0.08
0.11
0.08
0.15
0.09
0.09
0.12
0.08
0.08
0.10
0.11
0.08
0.08
0.07
0.07
0.12
0.12
0.15
0.08
0.08
0.09
0.09
0.12
0.11
0.09
0.15
0.12
0.10
0.11
0.08
0.21
0.09
0.12
0.08
0.08
0.11
0.08
0.08
0.08
0.09
0.08
0.07
0.08
0.08
0.08
0.08
