0.71
0.63
0.80
0.69
0.66
0.56
0.73
0.68
0.64
0.86
0.80
0.58
0.82
3.79
0.84
0.62
0.73
0.97
0.80
0.56
0.85
0.64
0.60
0.68
0.62
0.67
0.67
0.98
0.68
0.62
0.79
0.86
0.80
0.76
2.03
0.84
2.24
0.68
1.05
1.07
1.10
1.22
0.88
0.66
0.62
0.80
0.96
0.62
0.79
0.85
0.60
0.62
0.82
0.82
0.62
0.66
0.59
0.59
0.63
0.87
0.61
0.83
0.56
0.76
0.64
0.57
0.81
0.59
0.65
0.56
0.55
0.59
0.98
0.68
0.56
0.80
0.70
0.67
1.13
0.64
0.69
0.73
0.58
0.63
0.60
0.67
0.59
0.59
0.85
0.63
0.72
0.90
0.85
0.56
0.92
0.56
0.68
3.12
0.58
0.72
