1.36
1.13
1.08
1.04
10.27
1.57
2.28
1.20
1.48
7.92
1.25
1.57
1.29
1.30
1.20
1.47
1.21
1.17
1.37
1.19
1.93
1.07
1.03
1.27
1.34
1.13
1.05
1.45
1.08
1.09
1.37
1.07
1.91
1.31
1.50
1.37
1.17
1.10
1.13
1.12
1.30
1.04
1.24
1.17
1.31
1.22
1.15
1.22
1.39
1.08
1.07
1.12
6.93
1.53
1.78
1.35
1.61
1.24
1.34
1.19
1.51
1.19
1.19
1.17
1.15
1.28
1.08
1.48
1.47
1.29
1.69
1.11
1.29
1.84
1.27
1.54
1.43
1.34
1.17
1.50
1.11
1.40
1.12
1.17
1.49
1.66
1.18
1.09
1.45
1.14
1.24
1.45
1.65
1.09
1.34
1.23
1.16
1.22
1.14
1.18
