0.98
0.64
0.56
0.77
0.67
1.46
0.59
0.68
1.99
0.56
0.61
0.58
0.71
0.68
0.56
0.58
0.63
0.81
0.56
0.65
0.56
0.74
0.61
0.59
0.60
0.60
0.56
0.71
0.57
0.68
0.58
0.82
0.72
1.09
0.71
0.65
0.56
2.20
1.61
0.64
0.60
0.56
0.62
0.58
0.57
0.57
0.71
0.56
0.89
0.62
0.56
0.58
1.00
0.74
0.61
0.61
0.86
1.13
0.57
0.55
0.66
0.61
0.65
0.65
0.74
0.72
0.61
0.56
0.57
0.65
0.61
0.69
0.62
0.66
0.97
0.72
0.55
0.58
0.60
0.69
0.57
0.80
0.65
0.62
0.61
0.96
0.57
0.59
0.59
0.69
0.61
0.96
0.92
0.62
0.81
0.57
0.84
1.06
1.19
0.60
