2.84
0.84
0.70
0.62
0.63
0.66
0.75
0.64
0.76
0.59
0.66
0.83
0.76
0.63
0.56
0.91
0.79
0.74
0.76
0.62
0.55
0.82
0.86
0.76
0.56
0.81
0.93
1.14
0.54
0.54
0.52
0.61
0.83
0.69
0.57
0.56
0.66
0.60
0.57
0.79
0.59
0.76
0.57
0.54
0.86
0.58
0.90
0.76
0.59
0.57
0.91
0.55
0.82
0.60
0.78
0.63
0.67
0.67
0.69
0.57
0.55
0.55
0.67
0.67
0.57
0.54
1.08
0.72
0.58
0.81
0.71
0.67
0.70
0.80
0.81
0.77
0.56
1.14
1.16
1.05
0.63
0.61
0.79
0.81
0.61
0.84
0.81
0.63
0.59
0.61
0.81
0.54
0.65
0.63
0.61
0.85
0.60
0.55
0.56
0.53
