15.93
11.47
11.55
13.49
12.28
11.44
11.79
16.70
11.51
12.30
15.96
12.72
12.30
13.36
13.84
12.43
15.52
12.93
12.45
16.15
12.84
11.73
12.40
12.33
11.84
12.53
12.00
12.28
13.25
11.57
11.79
14.29
11.93
11.92
11.48
12.70
16.00
12.22
12.10
11.38
15.85
12.29
12.70
11.76
11.87
15.87
12.86
12.28
12.30
11.67
11.94
16.16
11.42
12.94
12.19
12.88
13.67
15.94
13.60
12.39
12.06
12.58
12.70
12.59
11.93
16.79
16.01
13.11
12.45
12.57
11.59
17.71
15.04
12.12
22.68
13.09
35.96
12.06
18.28
12.66
15.12
13.39
14.42
12.72
12.84
15.55
15.84
13.52
12.41
12.50
14.14
16.30
14.70
11.55
13.65
12.48
14.80
11.63
12.10
11.66
