17.65
23.27
21.78
17.55
19.68
23.08
26.04
17.33
24.04
25.65
15.52
16.57
18.58
17.60
17.43
19.49
17.28
17.07
17.51
16.91
36.32
18.32
21.29
17.22
18.38
19.56
18.17
20.96
17.25
18.99
23.43
15.41
20.03
20.11
16.89
15.43
15.33
19.10
15.05
20.52
20.65
14.87
20.04
24.71
15.90
17.51
20.17
17.26
16.27
15.64
14.97
24.55
20.38
27.61
16.24
14.53
15.50
16.29
16.05
15.28
17.33
19.23
15.86
18.57
16.72
17.26
19.97
18.93
17.82
14.75
17.52
18.46
15.09
18.12
15.14
16.18
15.82
16.06
15.68
15.92
18.06
17.67
16.92
15.44
18.55
18.30
16.08
17.77
15.17
18.77
15.71
36.44
19.22
15.91
15.98
15.71
14.95
15.98
14.83
18.25
