17.29
17.78
18.35
20.59
19.53
21.12
18.34
19.07
18.49
18.07
36.91
21.05
20.78
22.09
18.59
21.36
27.59
20.48
22.07
32.01
19.63
25.62
29.97
41.00
29.25
32.05
24.35
20.60
26.11
36.42
43.45
22.06
23.50
24.55
21.24
22.49
19.72
27.24
20.03
24.40
24.10
34.09
24.26
23.49
20.89
30.12
27.09
21.73
22.97
19.89
19.77
22.64
23.91
25.22
22.85
21.83
23.51
35.02
33.89
30.91
21.94
24.92
36.00
24.20
25.46
38.39
22.44
19.35
22.04
20.13
21.08
28.67
19.32
19.69
32.62
21.17
29.58
27.32
27.90
42.29
29.91
22.73
20.41
22.75
29.93
20.48
33.45
26.00
23.40
20.99
22.58
24.07
20.39
29.51
24.24
23.62
22.17
20.01
23.78
24.68
